21
true
false
85
53
13
12
13
12
10
11
10
11
18
11
10
5
6
7
8
9
8
14
15
17
18
11
10
5
6
7
8
14
12
14
12
10
5
6
7
8
14
12
10
5
6
7
8
14
12
10
5
4
3
1
0
23
19
7
34
32
5
17
36
20
true
46
42
1
10
1
0
4
8
0
9
2
13
3
14
2
0
2
11
1
15
1
0
2
12
1
13
4
0
2
10
5
12
3
0
4
8
4
10
10
11
6
14
6
0
3
9
5
12
7
15
5
0
4
8
8
13
6
14
8
15
8
0
false
4
10
7
12
9
14
7
15
7
1
51
1
13
8
1
40
3
8
5
9
12
13
11
1
52
2
90
18
12
10
1
41
true
3
9
14
11
10
12
13
0
1
13
12
0
2
8
15
11
12
2
31
38
4
8
17
9
16
10
14
14
16
0
2
11
15
15
15
0
3
10
15
11
18
14
18
1
37
3
9
17
90
11
15
17
1
41
true
7
0
23
8
20
9
20
10
20
11
20
13
21
14
23
0
0
0
2
9
22
12
19
0
0
0
1
15
19
0
0
0
0
0
0
0
107
200
26
100
true
false
18
100
false
false
9
106
99
1000
1000
17
17
11
1000
1000
